ID	aas	ann	start	BAB	BAL	BDO	BEL	BGS	BIH	BOR	BRD	BUD	CAR	CHO	DRA	FOJ	FUG	GOR	GUL	HAR	HLI	HMC	HNE	HNI	HOC	HRA	HRN	INE	ING	KAM	KAS	KLE	KOS	KOW	KRM	KZL	LAC	MIA	MIE	OPP	PAD	PAT	PER	PHD	PHT	PRE	RFT	RZA	SCH	SNO	SPI	STE	STG	SUB	SWA	SWJ	SZI	TBG	TIS	TKO	TRD	TRE	TRT	TZI	VEL	VID	VLA	VOR	VYR	WEK	WIL	WUL	ZAP	ZEP	ZID	ZIT
AL1G10010	Gly415Gly	synonymous_variant	38	0.818181818181818	0.75	1	0.6875	0.34375	0.8125	0.75	0.05	0.8125	0.333333333333333	0.571428571428571	0.53125	0.9375	0.571428571428571	0.5625	0.263888888888889	0	0.25	0.625	1	1	0.678571428571429	0.326923076923077	0.958333333333333	0.416666666666667	0.15625	0.5625	0.3125	0.972222222222222	0.428571428571429	0.875	1	1	0.5	0.888888888888889	1	0.125	1	0.333333333333333	0.666666666666667	0.6875	0.53125	1	0.025	0.666666666666667	0.1	0.75	0.634615384615385	1	0.375	0.8125	0.285714285714286	1	1	0.95	0.15625	0.15625	1	0.71875	0.625	0.55	0	0.714285714285714	0.71875	0.28125	1	0.416666666666667	0.4375	0.9375	0.65625	0.115384615384615	0.3125	0.357142857142857
AL1G10010	Arg413Arg	synonymous_variant	44	0	0	0.875	0	0	0	0	0	0	0	0	0	0	0	0	0	0	0	0	0.214285714285714	0	0	0	0	0	0	0	0	0	0	0	0	1	0	0	0	0	0	0	0	0.1875	0.03125	0	0	0	0	0	0	0	0	0.09375	0	0	0	0	0	0	0.1	0	0	0	0	0	0	0	0	0	0	0	0	0	0	0
AL1G10010	Leu411Leu	synonymous_variant	52	0.818181818181818	0.791666666666667	1	0.6875	0.375	0.8125	0.75	0.05	0.8125	0.5625	0.535714285714286	0.5	0.9375	0.607142857142857	0.5625	0.291666666666667	0	0.25	0.625	1	1	0.678571428571429	0.326923076923077	0.958333333333333	0.458333333333333	0.15625	0.5625	0.375	0.944444444444444	0.464285714285714	0.875	1	1	0.53125	0.888888888888889	1	0.125	1	0.5	0.666666666666667	0.6875	0.53125	1	0.025	0.722222222222222	0.1	0.75	0.634615384615385	1	0.34375	0.8125	0.25	1	1	0.95	0.15625	0.1875	1	0.75	0.625	0.666666666666667	0	0.785714285714286	0.71875	0.3125	1	0.458333333333333	0.4375	0.9375	0.65625	0.115384615384615	0.3125	0.416666666666667
AL1G10010	Glu409Glu	synonymous_variant	56	0	0	0	0	0	0	0	0	0	0.25	0	0	0	0	0	0	0	0	0	0	0	0	0	0	0.321428571428571	0	0	0	0	0	0	0	0	0	0	0	0	0	0.0714285714285714	0	0	0	0	0	0	0	0	0	0	0	0	0	0	0	0	0	0	0	0	0	0	0	0	0	0	0	0	0	0	0	0	0	0
AL1G10730		upstream_gene_variant	75	1	1	1	1	0.96875	1	1	1	1	1	1	1	1	1	1	1	1	1	1	1	1	1	1	1	1	1	0.96875	1	1	1	0.875	1	1	1	0.90625	1	1	1	1	1	1	1	1	0.875	1	1	1	1	1	1	1	1	1	1	1	1	1	1	1	1	1	1	1	1	0.90625	1	1	1	0.9375	0.96875	1	0.5	1
AL1G10730		upstream_gene_variant	91	1	1	1	1	0.96875	1	1	1	1	1	1	1	1	1	1	1	1	1	1	1	1	1	1	1	1	1	1	1	1	1	0.90625	1	1	0.96875	1	1	1	1	1	1	1	1	1	0.886363636363636	1	1	1	1	1	1	1	1	1	1	1	1	1	1	1	1	1	1	1	1	0.90625	1	1	1	0.90625	1	1	0.5	1
AL1G10730		upstream_gene_variant	117	0.818181818181818	0.791666666666667	1	0.6875	0.464285714285714	0.875	0.5	0.1875	0.8125	0.5625	0.5	0.53125	0.9375	0.5	0.5625	0.291666666666667	0.25	0.25	0.75	1	NA	0.607142857142857	0.326923076923077	0.958333333333333	0.5	0.15625	0.59375	0.375	0.972222222222222	0.428571428571429	0.875	1	1	0.464285714285714	0.875	1	0.125	1	0.583333333333333	0.607142857142857	0.6875	0.53125	1	0.0454545454545455	0.722222222222222	0.1875	0.5	0.673076923076923	1	0.46875	0.78125	0.25	1	1	0.95	0.1875	0.15625	1	0.75	0.5	0.6875	0	0.833333333333333	0.71875	0.1875	1	0.5	0.40625	0.9375	0.5625	0.115384615384615	0.3125	0.392857142857143
AL1G10730		upstream_gene_variant	136	0.818181818181818	0.791666666666667	1	0.6875	0.40625	0.875	0.583333333333333	0.2	0.8125	0.4	0.5	0.53125	0.9375	0.625	0.5625	0.236111111111111	0.125	0.25	0.75	1	NA	0.607142857142857	0.326923076923077	0.958333333333333	0.5	0.1875	0.5625	0.34375	0.972222222222222	0.428571428571429	0.875	1	1	0.428571428571429	0.875	1	0.15625	1	0.666666666666667	0.678571428571429	0.6875	0.53125	1	0.0454545454545455	0.722222222222222	0.05	0.75	0.653846153846154	1	0.4375	0.78125	0.321428571428571	1	1	0.95	0.21875	0.15625	1	0.78125	0.5	0.5	0	0.833333333333333	0.71875	0.3125	1	0.416666666666667	0.40625	0.9375	0.5625	0.115384615384615	0.3125	0.392857142857143
AL1G10010		splice_region_variant&intron_variant	142	0.818181818181818	0.833333333333333	1	0.6875	0.40625	0.875	0.75	0.1875	0.8125	0.375	0.5	0.53125	0.9375	0.625	0.5625	0.236111111111111	0.125	0.25	0.75	1	NA	0.607142857142857	0.326923076923077	0.958333333333333	0.5	0.1875	0.5625	0.34375	0.972222222222222	0.428571428571429	0.875	1	1	0.428571428571429	0.875	1	0.15625	1	0.666666666666667	0.642857142857143	0.6875	0.5	1	0.0454545454545455	0.722222222222222	0.0625	0.5	0.673076923076923	1	0.40625	0.78125	0.375	1	1	0.95	0.21875	0.15625	1	0.75	0.5	0.5	0	0.833333333333333	0.71875	0.3125	1	0.416666666666667	0.40625	0.9375	0.5625	0.115384615384615	0.3125	0.392857142857143
